0.000000000000000000e+00
3.030000000000000000e+03
4.687000000000000000e+03
5.934000000000000000e+03
6.976000000000000000e+03
7.909000000000000000e+03
8.674000000000000000e+03
9.372000000000000000e+03
1.008200000000000000e+04
1.070100000000000000e+04
1.127700000000000000e+04
1.182200000000000000e+04
1.239800000000000000e+04
1.288300000000000000e+04
1.341200000000000000e+04
1.386600000000000000e+04
1.440200000000000000e+04
1.485600000000000000e+04
1.531500000000000000e+04
1.575900000000000000e+04
1.619400000000000000e+04
1.665700000000000000e+04
1.699800000000000000e+04
1.751500000000000000e+04
1.788300000000000000e+04
1.824700000000000000e+04
1.863100000000000000e+04
1.895600000000000000e+04
1.930500000000000000e+04
1.967700000000000000e+04
1.998400000000000000e+04
2.032700000000000000e+04
2.071600000000000000e+04
2.100700000000000000e+04
2.136400000000000000e+04
2.170600000000000000e+04
2.198500000000000000e+04
2.232900000000000000e+04
2.265000000000000000e+04
2.294100000000000000e+04
2.316100000000000000e+04
2.353100000000000000e+04
2.382600000000000000e+04
2.407000000000000000e+04
2.439700000000000000e+04
2.465800000000000000e+04
2.492400000000000000e+04
2.515200000000000000e+04
2.542900000000000000e+04
2.567400000000000000e+04
2.592800000000000000e+04
2.614900000000000000e+04
2.642500000000000000e+04
2.666000000000000000e+04
2.688400000000000000e+04
2.714100000000000000e+04
2.738200000000000000e+04
2.759300000000000000e+04
2.788100000000000000e+04
2.808600000000000000e+04
3.013200000000000000e+04
3.126100000000000000e+04
3.204900000000000000e+04
3.273100000000000000e+04
3.351800000000000000e+04
3.464600000000000000e+04
3.525600000000000000e+04
3.642000000000000000e+04
3.687900000000000000e+04
3.737600000000000000e+04
3.773000000000000000e+04
3.811500000000000000e+04
3.887600000000000000e+04
3.950100000000000000e+04
3.981700000000000000e+04
4.014800000000000000e+04
4.045900000000000000e+04
4.072100000000000000e+04
4.103900000000000000e+04
4.131400000000000000e+04
4.156400000000000000e+04
4.180600000000000000e+04
4.205000000000000000e+04
4.290100000000000000e+04
4.361300000000000000e+04
4.419900000000000000e+04
4.481000000000000000e+04
4.539500000000000000e+04
4.587200000000000000e+04
4.632400000000000000e+04
4.672200000000000000e+04
4.709100000000000000e+04
4.753000000000000000e+04
4.788200000000000000e+04
4.824500000000000000e+04
4.859500000000000000e+04
4.909200000000000000e+04
4.944100000000000000e+04
4.987800000000000000e+04
5.016900000000000000e+04
5.041500000000000000e+04
5.064600000000000000e+04
5.087600000000000000e+04
5.111400000000000000e+04
5.135800000000000000e+04
5.156900000000000000e+04
5.179900000000000000e+04
5.200200000000000000e+04
5.219700000000000000e+04
5.239400000000000000e+04
5.257800000000000000e+04
5.277200000000000000e+04
5.294600000000000000e+04
5.312800000000000000e+04
5.330200000000000000e+04
5.347100000000000000e+04
5.364700000000000000e+04
5.383000000000000000e+04
5.452200000000000000e+04
5.763800000000000000e+04
5.976100000000000000e+04
6.253400000000000000e+04
6.459200000000000000e+04
6.612300000000000000e+04
6.931700000000000000e+04
7.243400000000000000e+04
7.401200000000000000e+04
7.415700000000000000e+04
7.574000000000000000e+04
